% Parameter set
Rm_P = 0.0305; 
Lm_P = 0.0000177; 
Kb_P = 0.077; 
Kt_P = 0.077;
Jm_P = 0.0000536; 
Bm_P = 0.014293;
Kpl_P = 0.0001;
rho_P = 1.293;
r_P = 0.06;
Ap_P = 0.03;
lx_P = 0.02; 
Bp_P = 0.028586; 
Jp_P = 0.00536; 
mp_P = 0.270; 
g_P = 9.81;

%input_data_gl = [0, 0];