% Parameter set
Rm_P = 8.4; 
Lm_P = 0.00538; 
Kb_P = 0.0577; 
Kt_P = 0.0577; 
Jm_P = 0.000184; 
Bm_P = 0.001;
Kpl_P = 0.00001; 
Kf_P = 0.0002; 
l1_P = 0.0156; 
l2_P = 0.0056;
l3_P = 0.0035;
Bl_P = 0.002; 
Jl_P = 0.00017; 
m1_P = 0.068; 
m2_P = 0.27;
m3_P = 0.048;
g_P = 9.81;

%input_data_gl = [0, 0];